420 190209930
156 190209894
588 190209758
228 190209741
264 190209040
336 190208755
444 190208743
108 190208715
492 190208635
192 190208251
552 190208006
204 190207642
348 190207376
360 190206943
528 190206940
396 190206540
 12 190206498
456 190206270
384 190206117
288 190205889
144 190205665
468 190205572
120 190205447
300 190205349
576 190204944
 72 190204827
180 190204664
408 190204639
 84 190204603
 36 190204462
312 190204391
480 190203984
504 190203653
540 190203430
 48 190203279
276 190202646
324 190202622
240 190202315
564 190202286
516 190202051
252 190201842
432 190201670
132 190201537
 24 190201477
372 190201322
168 190201319
 60 190200491
 96 190200292
  0 190200041
216 190200035
